s 0,(110,111),(107,106),(106,105),(105,104),(104,102),(66,67),(67,68),(67,69),(69,71),(71,72),(72,73),(73,44),(44,45),(45,34),0,0,(87,86),(86,85),(85,84),(82,80),(40,39),(39,38),(38,36),(36,37),(37,43),(43,46),(46,77),(77,78),(78,79),(79,80),(82,84),0,0,(124,126),(126,130),(43,44),(34,139),(139,33),(33,11),(11,12),(12,13),(20,22),0,0,(95,96),(96,97),(97,98),(140,49),(11,27),(29,28),(27,28),(28,30),(30,32),(27,25),(25,24),(24,20),0,0,(11,8),(5,6),(6,8),(8,9),(13,14),(48,49),(140,55),(55,56),(55,54),(65,64),(64,63),(63,62),0,0,(1,116),(116,117),(117,2),(119,117),(118,114),(114,113),(113,112),(112,110),(62,66),0,0,(110,107),(107,108),(108,109),(107,112),0
q 5766
s 0,(1,116),(116,117),(117,2),(117,119),(118,114),(114,113),(113,112),(112,110),(110,107),(107,108),(107,112),0,0,(87,86),(86,85),(85,84),(84,82),(82,80),(80,79),(79,78),(78,77),(77,46),(46,43),(43,37),(37,36),(36,38),(38,39),(39,40),0,0,(95,96),(96,97),(97,98),(11,8),(8,9),(8,6),(6,5),(11,27),(27,28),(28,30),0,0,(11,12),(13,14),(20,24),(24,25),(25,27),(30,32),(28,29),(20,22),(12,13),(11,33),(33,139),(34,45),0,0,(110,111),(109,108),(102,104),(104,105),(105,106),(106,107),0,0,(124,126),(126,130),(66,62),(62,63),(63,64),(64,65),(54,55),(48,49),(49,140),(140,55),(55,56),(69,71),(69,67),0,0,(66,67),(67,68),(71,72),(72,73),(73,44),(139,34),(45,44),(44,43),0
q 5713
s 0,(87,86),(86,85),(85,84),(84,82),(82,80),(80,79),(79,78),(78,77),(77,46),(46,43),(43,37),(37,36),(36,38),(39,40),(38,39),0,0,(124,126),(126,130),(73,44),(44,45),(45,34),(34,139),(139,33),(33,11),(12,13),(20,22),0,0,(72,73),(11,27),(27,28),(28,30),(28,29),(30,32),(27,25),(25,24),(24,20),(44,43),0,0,(66,62),(62,63),(63,64),(64,65),(56,55),(55,54),(55,140),(140,49),(49,48),(69,67),(69,71),(67,66),(102,104),(104,105),0,0,(68,67),(71,72),(11,12),(14,13),(9,8),(5,6),(6,8),(8,11),(98,97),(97,96),(96,95),0,0,(113,112),(110,107),(112,110),(113,114),(114,118),(119,117),(2,117),(117,116),(116,1),0,0,(105,106),(106,107),(111,110),(108,109),(107,108),(107,112),0
q 5702
s 0,(110,111),(107,106),(106,105),(105,104),(104,102),(66,67),(67,68),(67,69),(69,71),(71,72),(72,73),(73,44),(44,45),(45,34),0,0,(87,86),(86,85),(85,84),(84,82),(82,80),(80,79),(79,78),(78,77),(77,46),(46,43),(43,37),(37,36),(36,38),(38,39),(39,40),0,0,(95,96),(96,97),(97,98),(140,49),(11,8),(8,6),(6,5),(8,9),(13,14),(24,25),(27,28),0,0,(11,27),(27,25),(24,20),(28,29),(28,30),(30,32),(48,49),(140,55),(55,56),(55,54),(65,64),(64,63),(63,62),0,0,(114,113),(113,112),(112,110),(110,107),(107,112),(107,108),(108,109),0,0,(116,1),(124,126),(126,130),(118,114),(116,117),(117,119),(117,2),0,0,(43,44),(34,139),(139,33),(33,11),(11,12),(12,13),(20,22),(62,66),0
q 5744
s 0,(87,86),(86,85),(85,84),(84,82),(82,80),(80,79),(79,78),(78,77),(77,46),(46,43),(43,37),(37,36),(36,38),(38,39),(39,40),0,0,(124,126),(126,130),(43,44),(34,139),(139,33),(33,11),(11,12),(12,13),(20,22),0,0,(95,96),(96,97),(97,98),(140,49),(11,8),(8,6),(6,5),(8,9),(13,14),(24,25),(27,28),0,0,(11,27),(27,25),(24,20),(28,29),(28,30),(30,32),(48,49),(140,55),(55,56),(55,54),(65,64),(64,63),(63,62),0,0,(34,45),(45,44),(44,73),(73,72),(72,71),(71,69),(69,67),(68,67),(67,66),(102,104),(104,105),(105,106),(106,107),0,0,(1,116),(111,110),(113,114),(114,118),(119,117),(117,2),(117,116),0,0,(113,112),(112,110),(110,107),(107,108),(108,109),(62,66),(107,112),0
q 5855
