s 0,(110,107),(107,106),(102,104),(104,105),(105,106),(108,109),(108,107),(112,113),0,0,(112,107),(62,66),(66,67),(67,68),(67,69),(69,71),(71,72),(72,73),(73,44),(44,45),(45,34),(119,117),0,0,(130,126),(126,124),(43,44),(34,139),(139,33),(48,49),(140,55),(55,54),(55,56),(65,64),(64,63),(63,62),0,0,(33,11),(11,8),(6,5),(6,8),(8,9),(13,14),(13,12),(20,22),(12,11),0,0,(111,110),(110,112),(113,114),(114,118),(117,2),(117,116),(116,1),0,0,(87,86),(86,85),(85,84),(84,82),(82,80),(80,79),(79,78),(78,77),(40,39),(39,38),(38,36),(36,37),(37,43),(43,46),(46,77),0,0,(98,97),(97,96),(96,95),(140,49),(11,27),(29,28),(28,30),(30,32),(28,27),(27,25),(25,24),(24,20),0
q 5473
s 0,(107,106),(106,105),(105,104),(104,102),(66,62),(62,63),(63,64),(64,65),(56,55),(55,54),(55,140),(140,49),(49,48),(69,67),0,0,(87,86),(86,85),(85,84),(84,82),(40,39),(39,38),(38,36),(36,37),(37,43),(43,46),(46,77),(77,78),(78,79),(79,80),(80,82),0,0,(95,96),(96,97),(97,98),(11,27),(27,28),(29,28),(28,30),(30,32),(27,25),(25,24),(24,20),(12,11),0,0,(43,44),(34,139),(139,33),(33,11),(34,45),(45,44),(44,73),(71,69),(67,66),0,0,(22,20),(12,13),(13,14),(9,8),(5,6),(6,8),(8,11),(73,72),(72,71),(67,68),0,0,(114,118),(126,130),(126,124),(119,117),(117,2),(117,116),0,0,(1,116),(114,113),(113,112),(112,110),(110,111),(110,107),(107,108),(108,109),(107,112),0
q 5340
s 0,(87,86),(86,85),(85,84),(84,82),(82,80),(80,79),(79,78),(77,46),(46,43),(43,37),(37,36),(36,38),(38,39),(39,40),(77,78),0,0,(66,62),(62,63),(63,64),(64,65),(56,55),(55,54),(55,140),(140,49),(49,48),(71,69),(69,67),(67,66),(102,104),(104,105),(110,111),0,0,(95,96),(96,97),(98,97),(11,8),(8,6),(6,5),(8,9),(13,14),(12,11),(72,71),(67,68),0,0,(112,107),(107,108),(109,108),(105,106),(106,107),(107,110),(110,112),(112,113),0,0,(113,114),(114,118),(119,117),(2,117),(117,116),(116,1),0,0,(124,126),(126,130),(34,139),(139,33),(33,11),(12,13),(20,22),(34,45),(45,44),(44,43),0,0,(72,73),(73,44),(20,24),(24,25),(25,27),(28,30),(32,30),(29,28),(28,27),(27,11),0
q 5508
s 0,(87,86),(86,85),(85,84),(84,82),(80,79),(79,78),(78,77),(77,46),(43,37),(40,39),(39,38),(38,36),(36,37),(43,46),(80,82),0,0,(95,96),(96,97),(97,98),(140,49),(11,8),(8,6),(6,5),(8,9),(20,22),(24,25),(27,28),(34,45),0,0,(114,118),(124,126),(126,130),(119,117),(117,2),(117,116),0,0,(68,67),(67,69),(69,71),(71,72),(72,73),(73,44),(44,45),(67,66),(102,104),(104,105),(105,106),(106,107),(111,110),0,0,(62,63),(63,64),(64,65),(56,55),(54,55),(55,140),(49,48),(29,28),(32,30),(30,28),(20,24),(25,27),(27,11),0,0,(1,116),(114,113),(113,112),(112,110),(110,107),(109,108),(108,107),(107,112),0,0,(43,44),(34,139),(139,33),(33,11),(11,12),(12,13),(13,14),(62,66),0
q 5493
s 0,(95,96),(96,97),(98,97),(140,49),(11,8),(5,6),(6,8),(8,9),(13,14),(24,25),(27,28),0,0,(20,24),(25,27),(28,29),(28,30),(30,32),(27,11),(48,49),(140,55),(55,54),(55,56),(65,64),(64,63),(112,113),0,0,(80,79),(79,78),(38,39),(39,40),(38,36),(36,37),(37,43),(43,46),(46,77),(77,78),(80,82),(82,84),(84,85),(85,86),(86,87),0,0,(113,114),(114,118),(130,126),(126,124),(119,117),(2,117),(117,116),0,0,(1,116),(112,107),(109,108),(108,107),(107,110),(110,111),(110,112),0,0,(68,67),(44,45),(45,34),(34,139),(139,33),(33,11),(13,12),(22,20),(12,11),(63,62),(62,66),0,0,(43,44),(44,73),(73,72),(72,71),(71,69),(69,67),(67,66),(102,104),(104,105),(105,106),(106,107),0
q 5523
