s 0,(4,5),(9,10),(11,12),(12,16),(16,13),(13,14),(17,15),(15,18),(18,19),(19,21),0,0,(59,11),(76,20),(20,19),(21,22),(22,75),(75,23),(23,31),(31,32),(32,33),0,0,(58,60),(60,61),(60,62),(62,66),(66,68),(62,63),(63,65),(55,56),(42,57),(57,58),0,0,(44,43),(41,35),(35,32),(32,34),(51,49),(47,48),(49,50),(50,52),(21,51),(52,54),(49,47),(47,46),0,0,(1,2),(2,3),(2,4),(46,44),(44,45),(44,59),(59,69),(69,58),(58,59),(69,4),0
q 3834
s 0,(59,11),(76,20),(18,19),(19,21),(52,54),(21,22),(22,75),(75,23),(23,31),(51,49),(44,59),0,0,(47,48),(47,49),(31,32),(32,33),(34,32),(32,35),(35,41),(56,55),(61,60),0,0,(4,69),(60,62),(65,63),(63,62),(62,66),(66,68),(60,58),(58,59),(59,69),0,0,(4,5),(9,10),(11,12),(12,16),(16,13),(13,14),(15,17),(15,18),(20,19),(50,52),(51,21),(50,49),(47,46),0,0,(44,45),(46,44),(44,43),(42,57),(57,58),(58,69),(4,2),(3,2),(2,1),0
q 3770
s 0,(58,60),(60,61),(60,62),(62,63),(63,65),(62,66),(66,68),(55,56),(42,57),(57,58),0,0,(69,59),(59,11),(76,20),(20,19),(21,22),(22,75),(75,23),(23,31),(31,32),(35,41),0,0,(4,5),(9,10),(11,12),(12,16),(16,13),(13,14),(15,17),(15,18),(18,19),(19,21),0,0,(44,43),(35,32),(32,34),(32,33),(51,49),(21,51),(52,54),(52,50),(50,49),(49,47),(48,47),(46,44),0,0,(1,2),(2,4),(4,69),(69,58),(58,59),(59,44),(46,47),(45,44),(2,3),0
q 3860
s 0,(2,3),(4,5),(9,10),(11,12),(12,16),(16,13),(13,14),(15,17),(15,18),(18,19),(50,52),(50,49),(49,47),(47,48),0,0,(69,59),(59,11),(76,20),(20,19),(19,21),(21,51),(51,49),(47,46),(46,44),(44,43),0,0,(59,44),(44,45),(52,54),(21,22),(22,75),(75,23),(23,31),(31,32),(32,34),(32,33),(35,41),(42,57),0,0,(58,57),(35,32),(56,55),(60,61),(60,58),(58,69),(4,2),0,0,(60,62),(62,63),(63,65),(62,66),(68,66),(58,59),(69,4),(2,1),0
q 3851
s 0,(69,59),(59,11),(76,20),(20,19),(21,22),(22,75),(75,23),(23,31),(31,32),(35,41),0,0,(4,5),(9,10),(11,12),(12,16),(16,13),(13,14),(15,17),(15,18),(18,19),(19,21),0,0,(58,60),(60,61),(60,62),(62,63),(63,65),(62,66),(66,68),(55,56),(42,57),(57,58),0,0,(4,69),(69,58),(58,59),(59,44),(44,46),(46,47),(47,48),(47,49),(49,50),(50,52),(52,54),(51,21),(51,49),(45,44),0,0,(1,2),(2,3),(2,4),(33,32),(32,34),(32,35),(43,44),0
q 3838
