s 0,(4,5),(9,10),(11,12),(12,16),(16,13),(13,14),(17,15),(15,18),(18,19),(19,21),0,0,(59,11),(76,20),(20,19),(21,22),(22,75),(75,23),(23,31),(31,32),(32,33),0,0,(58,60),(60,61),(60,62),(62,66),(66,68),(62,63),(63,65),(55,56),(42,57),(57,58),0,0,(44,43),(41,35),(35,32),(32,34),(21,51),(51,49),(54,52),(52,50),(50,49),(49,47),(48,47),(47,46),0,0,(1,2),(2,3),(2,4),(69,59),(44,45),(46,44),(44,59),(59,58),(58,69),(69,4),0
q 3761
s 0,(46,47),(49,50),(50,52),(54,52),(19,20),(18,15),(17,15),(14,13),(13,16),(16,12),(12,11),(10,9),(5,4),0,0,(60,62),(68,66),(66,62),(63,65),(63,62),(60,58),(58,59),(59,69),(69,4),(4,2),0,0,(60,61),(55,56),(41,35),(35,32),(32,34),(33,32),(32,31),(51,49),(46,44),0,0,(59,11),(76,20),(18,19),(19,21),(21,22),(22,75),(31,23),(23,75),(21,51),(49,47),(48,47),(45,44),0,0,(3,2),(69,58),(58,57),(57,42),(43,44),(44,59),(2,1),0
q 3704
s 0,(58,60),(60,61),(60,62),(62,63),(63,65),(62,66),(66,68),(55,56),(42,57),(57,58),0,0,(69,59),(59,11),(76,20),(20,19),(21,22),(22,75),(75,23),(23,31),(31,32),(35,41),0,0,(4,5),(9,10),(11,12),(12,16),(16,13),(13,14),(15,17),(15,18),(18,19),(19,21),0,0,(44,43),(35,32),(32,34),(32,33),(21,51),(51,49),(50,52),(52,54),(50,49),(49,47),(48,47),(46,44),0,0,(3,2),(47,46),(45,44),(44,59),(59,58),(58,69),(69,4),(4,2),(2,1),0
q 3848
s 0,(69,59),(59,11),(76,20),(20,19),(19,21),(21,51),(51,49),(47,46),(46,44),(44,43),0,0,(59,44),(44,45),(52,54),(21,22),(22,75),(75,23),(23,31),(31,32),(32,34),(32,33),(35,41),(42,57),0,0,(2,3),(4,5),(9,10),(11,12),(12,16),(16,13),(13,14),(15,17),(15,18),(18,19),(50,52),(50,49),(49,47),(47,48),0,0,(60,62),(62,63),(63,65),(62,66),(68,66),(55,56),(32,35),(57,58),0,0,(1,2),(4,69),(59,58),(60,61),(60,58),(58,69),(4,2),0
q 3830
s 0,(4,5),(9,10),(11,12),(12,16),(16,13),(13,14),(15,17),(15,18),(18,19),(19,21),0,0,(3,2),(59,11),(76,20),(20,19),(54,52),(52,50),(50,49),(49,47),(48,47),(47,46),(46,44),(44,59),(59,58),(58,69),0,0,(2,4),(56,55),(41,35),(35,32),(34,32),(32,33),(42,57),(57,58),0,0,(60,61),(68,66),(66,62),(62,63),(63,65),(62,60),(60,58),(69,4),0,0,(69,59),(44,45),(49,51),(51,21),(21,22),(22,75),(75,23),(23,31),(31,32),(43,44),(2,1),0
q 3725
