s 0,(1,10),(10,11),(11,9),(9,10),(10,8),0,0,(1,12),(12,7),(7,8),(8,11),(11,5),0,0,(1,4),(4,3),(3,5),(5,6),(6,12),0,0,(1,2),(2,9),(2,4),(2,3),(5,12),0,0,(1,7),(7,6),0
q 316
s 0,(1,4),(4,3),(3,5),(5,12),(12,1),0,0,(1,2),(2,9),(9,11),(11,10),(10,8),0,0,(1,10),(10,9),(2,4),(2,3),(5,6),0,0,(1,7),(7,8),(8,11),(11,5),(6,12),0,0,(12,7),(7,6),0
q 316
s 0,(1,7),(7,8),(8,11),(11,10),(10,1),0,0,(1,2),(2,3),(3,5),(5,12),(12,1),0,0,(1,4),(4,2),(2,9),(9,11),(11,5),0,0,(12,6),(6,5),(3,4),(9,10),(10,8),0,0,(12,7),(7,6),0
q 316
s 0,(1,10),(10,9),(9,11),(11,10),(10,8),0,0,(1,12),(12,5),(5,3),(3,2),(2,1),0,0,(1,4),(4,2),(2,9),(4,3),(5,6),0,0,(1,7),(7,8),(8,11),(11,5),(6,12),0,0,(12,7),(7,6),0
q 316
s 0,(1,12),(12,7),(7,8),(8,11),(11,5),0,0,(1,4),(4,2),(2,3),(3,5),(5,12),0,0,(1,10),(10,11),(11,9),(9,10),(10,8),0,0,(1,2),(2,9),(4,3),(5,6),(6,12),0,0,(1,7),(7,6),0
q 316
