s 0,(1,2),(9,10),(11,59),(69,58),(58,59),(59,69),(69,4),(4,2),(3,2),0,0,(4,5),(11,12),(12,16),(16,13),(13,14),(15,17),(15,18),(18,19),(50,52),(52,54),(50,49),(49,47),(45,44),0,0,(59,44),(44,46),(46,47),(47,48),(49,51),(51,21),(21,22),(22,75),(75,23),(23,31),(31,32),(32,33),(35,41),(56,55),0,0,(58,60),(61,60),(60,62),(62,63),(63,65),(62,66),(66,68),(42,57),(57,58),0,0,(44,43),(35,32),(32,34),(21,19),(19,20),(20,76),0
q 3817
s 0,(4,5),(11,12),(12,16),(16,13),(13,14),(15,17),(15,18),(18,19),(19,20),(20,76),(50,52),(52,54),(50,49),(49,47),0,0,(59,44),(44,46),(46,47),(48,47),(49,51),(51,21),(21,19),(21,22),(22,75),(75,23),(23,31),(31,32),(35,41),0,0,(58,60),(60,62),(62,66),(66,68),(62,63),(63,65),(60,61),(56,55),(42,57),(57,58),0,0,(1,2),(33,32),(34,32),(32,35),(43,44),(44,45),0,0,(2,3),(2,4),(4,69),(69,59),(59,58),(58,69),(59,11),(10,9),0
q 3874
s 0,(2,3),(2,4),(4,5),(9,10),(11,12),(12,16),(16,13),(13,14),(15,17),(15,18),(20,76),(50,52),(52,54),(51,21),(47,46),0,0,(69,58),(58,57),(57,42),(43,44),(44,46),(45,44),(69,4),0,0,(1,2),(69,59),(59,58),(58,60),(60,62),(62,66),(66,68),(62,63),(63,65),(61,60),(59,44),0,0,(59,11),(20,19),(19,18),(19,21),(21,22),(22,75),(75,23),(51,49),(49,50),0,0,(47,49),(47,48),(23,31),(31,32),(33,32),(32,34),(32,35),(35,41),(55,56),0
q 3824
s 0,(1,2),(2,3),(2,4),(4,5),(9,10),(11,12),(12,16),(16,13),(13,14),(15,17),(15,18),(20,76),(50,49),(50,52),(51,21),0,0,(47,48),(47,49),(23,31),(31,32),(33,32),(32,34),(32,35),(35,41),(55,56),0,0,(69,59),(59,11),(20,19),(19,18),(19,21),(21,22),(22,75),(75,23),(51,49),(52,54),(47,46),0,0,(4,69),(69,58),(58,57),(57,42),(43,44),0,0,(59,58),(58,60),(60,62),(65,63),(63,62),(62,66),(66,68),(60,61),(59,44),(44,45),(44,46),0
q 3839
s 0,(59,11),(20,19),(19,18),(19,21),(21,22),(22,75),(75,23),(23,31),(51,49),(50,52),(52,54),(51,21),0,0,(4,69),(58,60),(60,62),(62,63),(63,65),(68,66),(66,62),(58,59),(59,69),0,0,(69,58),(58,57),(57,42),(43,44),(44,45),(47,46),(46,44),(44,59),0,0,(76,20),(18,15),(17,15),(14,13),(13,16),(16,12),(12,11),(10,9),(5,4),(4,2),(3,2),(2,1),0,0,(61,60),(55,56),(41,35),(35,32),(33,32),(34,32),(32,31),(49,47),(47,48),(50,49),0
q 3856
s 0,(4,5),(9,10),(11,12),(12,16),(16,13),(13,14),(17,15),(15,18),(50,49),(50,52),(52,54),(51,21),(47,46),(4,2),(2,3),0,0,(4,69),(69,58),(58,57),(57,42),(43,44),(44,46),(45,44),0,0,(49,51),(75,23),(23,31),(75,22),(22,21),(21,19),(18,19),(19,20),(20,76),(11,59),0,0,(60,61),(60,62),(62,66),(66,68),(62,63),(63,65),(60,58),(58,59),(59,69),(2,1),0,0,(59,44),(47,48),(47,49),(31,32),(32,33),(34,32),(32,35),(35,41),(56,55),0
q 3798
s 0,(4,69),(69,58),(58,57),(57,42),(43,44),(44,45),(46,44),0,0,(69,59),(59,58),(58,60),(60,62),(62,66),(68,66),(62,63),(63,65),(60,61),(59,44),0,0,(46,47),(50,49),(49,51),(23,75),(75,22),(22,21),(21,19),(18,19),(19,20),(11,59),0,0,(47,48),(47,49),(50,52),(52,54),(51,21),(23,31),(31,32),(32,33),(32,34),(32,35),(35,41),(56,55),0,0,(1,2),(2,3),(2,4),(4,5),(9,10),(11,12),(12,16),(16,13),(13,14),(15,17),(15,18),(20,76),0
q 3728
s 0,(1,2),(2,4),(69,59),(59,58),(58,60),(60,62),(62,63),(63,65),(62,66),(66,68),(60,61),0,0,(2,3),(48,47),(47,49),(50,52),(51,21),(23,75),(75,22),(22,21),(21,19),(18,19),(19,20),(11,59),0,0,(4,5),(9,10),(11,12),(12,16),(16,13),(13,14),(15,17),(15,18),(20,76),(50,49),(47,46),(44,59),0,0,(44,45),(44,43),(42,57),(57,58),(58,69),(69,4),0,0,(55,56),(41,35),(35,32),(34,32),(33,32),(32,31),(31,23),(51,49),(52,54),(46,44),0
q 3729
s 0,(1,2),(2,3),(2,4),(4,5),(9,10),(11,12),(12,16),(16,13),(13,14),(15,17),(15,18),(20,76),(50,52),(52,54),(51,21),0,0,(59,11),(20,19),(19,18),(19,21),(21,22),(22,75),(75,23),(23,31),(51,49),(49,50),0,0,(47,48),(47,49),(31,32),(32,34),(32,33),(32,35),(35,41),(56,55),(44,59),0,0,(4,69),(69,58),(58,57),(57,42),(43,44),(44,45),0,0,(69,59),(59,58),(58,60),(60,62),(62,63),(63,65),(62,66),(66,68),(60,61),(44,46),(46,47),0
q 3989
s 0,(1,2),(2,3),(2,4),(4,69),(69,58),(58,59),(59,11),(11,12),0,0,(4,5),(9,10),(12,16),(16,13),(13,14),(15,17),(15,18),(18,19),(19,20),(20,76),(50,52),(52,54),(50,49),(49,47),(47,48),0,0,(69,59),(59,44),(44,46),(46,47),(49,51),(51,21),(21,22),(22,75),(75,23),(23,31),(31,32),(35,41),0,0,(58,60),(60,61),(60,62),(62,63),(63,65),(62,66),(66,68),(55,56),(42,57),(57,58),0,0,(44,45),(44,43),(35,32),(32,34),(32,33),(21,19),0
q 3923
s 0,(1,2),(2,3),(2,4),(4,5),(9,10),(11,12),(12,16),(16,13),(13,14),(15,17),(15,18),(20,76),(50,49),(50,52),(51,21),0,0,(4,69),(69,58),(58,57),(57,42),(43,44),(44,45),(44,46),0,0,(69,59),(59,11),(20,19),(19,18),(19,21),(21,22),(22,75),(75,23),(23,31),(52,54),0,0,(59,58),(58,60),(60,62),(62,66),(66,68),(62,63),(63,65),(60,61),(59,44),0,0,(46,47),(47,48),(47,49),(49,51),(31,32),(32,33),(32,34),(32,35),(35,41),(56,55),0
q 3907
s 0,(2,3),(2,4),(4,5),(9,10),(11,12),(12,16),(16,13),(13,14),(15,17),(15,18),(20,76),(50,49),(50,52),(51,21),(47,46),0,0,(59,11),(20,19),(19,18),(19,21),(21,22),(22,75),(75,23),(23,31),(51,49),(52,54),0,0,(47,49),(47,48),(31,32),(33,32),(32,34),(32,35),(35,41),(56,55),(60,61),0,0,(4,69),(69,59),(59,58),(58,60),(68,66),(66,62),(65,63),(63,62),(62,60),0,0,(69,58),(58,57),(57,42),(43,44),(44,45),(46,44),(44,59),(2,1),0
q 3864
s 0,(2,4),(4,5),(9,10),(11,12),(12,16),(16,13),(13,14),(15,17),(15,18),(20,76),(50,49),(50,52),(21,51),(47,46),(46,44),0,0,(4,69),(69,58),(58,57),(57,42),(43,44),(44,45),0,0,(69,59),(59,58),(58,60),(60,61),(60,62),(62,66),(66,68),(62,63),(63,65),(2,3),(2,1),0,0,(59,11),(20,19),(18,19),(19,21),(21,22),(22,75),(75,23),(51,49),(52,54),(44,59),0,0,(48,47),(47,49),(23,31),(31,32),(32,33),(32,34),(32,35),(35,41),(56,55),0
q 3753
