s 0,(1,2),(2,3),(2,4),(4,69),(69,59),(59,58),(58,69),(59,11),(10,9),0,0,(4,5),(11,12),(12,16),(16,13),(13,14),(15,17),(15,18),(18,19),(19,21),(21,22),(21,51),(52,50),(52,54),0,0,(59,44),(44,46),(46,47),(47,48),(47,49),(49,50),(49,51),(22,75),(75,23),(23,31),(31,32),(32,33),(35,41),(56,55),0,0,(58,60),(60,61),(60,62),(62,63),(63,65),(62,66),(66,68),(58,57),(57,42),0,0,(44,45),(44,43),(35,32),(32,34),(19,20),(20,76),0
q 3955
s 0,(1,2),(2,3),(2,4),(4,69),(69,59),(59,58),(58,69),(59,11),(10,9),0,0,(4,5),(11,12),(12,16),(16,13),(13,14),(15,17),(15,18),(18,19),(19,20),(20,76),(50,52),(52,54),(50,49),(49,47),0,0,(59,44),(44,46),(46,47),(47,48),(49,51),(51,21),(21,22),(22,75),(75,23),(23,31),(31,32),(32,33),(35,41),(56,55),0,0,(58,60),(60,62),(62,63),(63,65),(62,66),(66,68),(60,61),(58,57),(57,42),0,0,(44,43),(35,32),(32,34),(21,19),(45,44),0
q 3942
s 0,(1,2),(2,3),(2,4),(4,69),(69,59),(59,58),(58,69),(59,11),(10,9),0,0,(4,5),(11,12),(12,16),(16,13),(13,14),(15,17),(15,18),(18,19),(19,20),(20,76),(50,52),(52,54),(50,49),(49,47),0,0,(59,44),(44,46),(46,47),(47,48),(49,51),(51,21),(21,22),(22,75),(75,23),(23,31),(31,32),(32,34),(56,55),0,0,(58,60),(60,61),(60,62),(62,66),(66,68),(62,63),(63,65),(58,57),(57,42),0,0,(44,43),(41,35),(35,32),(32,33),(21,19),(45,44),0
q 3955
s 0,(1,2),(2,3),(2,4),(4,69),(69,59),(59,58),(58,69),(59,11),(10,9),0,0,(4,5),(11,12),(12,16),(16,13),(13,14),(15,17),(15,18),(18,19),(19,21),(21,22),(21,51),(52,54),(52,50),0,0,(59,44),(44,45),(46,47),(47,48),(47,49),(49,50),(49,51),(22,75),(75,23),(23,31),(31,32),(32,33),(35,41),(56,55),0,0,(58,60),(60,61),(60,62),(62,66),(66,68),(62,63),(63,65),(58,57),(57,42),0,0,(44,46),(44,43),(35,32),(32,34),(19,20),(20,76),0
q 3964
s 0,(1,2),(2,4),(4,5),(9,10),(11,12),(12,16),(16,13),(13,14),(15,17),(15,18),(20,19),(50,52),0,0,(2,3),(4,69),(69,58),(58,57),(57,42),(43,44),(44,46),0,0,(69,59),(59,44),(44,45),(46,47),(47,48),(47,49),(49,51),(51,21),(21,19),(19,18),(20,76),(11,59),(59,58),0,0,(58,60),(60,61),(60,62),(62,66),(66,68),(62,63),(63,65),(56,55),(41,35),(32,31),(23,75),0,0,(49,50),(52,54),(21,22),(22,75),(23,31),(32,33),(32,34),(32,35),0
q 3938
s 0,(1,2),(2,3),(2,4),(4,69),(69,59),(59,58),(58,69),(59,11),(10,9),0,0,(4,5),(11,12),(12,16),(16,13),(13,14),(15,17),(15,18),(18,19),(19,21),(21,51),(51,49),(49,47),(50,52),0,0,(59,44),(44,46),(46,47),(47,48),(49,50),(52,54),(21,22),(22,75),(75,23),(23,31),(31,32),(32,33),(35,41),(56,55),0,0,(58,60),(60,62),(62,66),(66,68),(62,63),(63,65),(60,61),(58,57),(57,42),0,0,(44,45),(44,43),(35,32),(32,34),(19,20),(20,76),0
q 3939
s 0,(1,2),(2,3),(2,4),(4,69),(69,59),(59,58),(58,69),(59,11),(10,9),0,0,(4,5),(11,12),(12,16),(16,13),(13,14),(15,17),(15,18),(18,19),(19,20),(20,76),(50,52),(52,54),(50,49),(49,47),0,0,(59,44),(44,46),(46,47),(47,48),(49,51),(51,21),(21,19),(21,22),(22,75),(75,23),(23,31),(31,32),(35,41),0,0,(58,60),(60,61),(60,62),(62,63),(63,65),(62,66),(66,68),(58,57),(57,42),(56,55),0,0,(44,45),(44,43),(35,32),(32,33),(32,34),0
q 3961
s 0,(1,2),(2,3),(2,4),(4,69),(69,59),(59,58),(58,69),(59,11),(10,9),0,0,(4,5),(11,12),(12,16),(16,13),(13,14),(15,17),(15,18),(18,19),(19,20),(20,76),(50,52),(52,54),(50,49),(49,47),0,0,(59,44),(44,46),(46,47),(47,48),(49,51),(51,21),(21,19),(21,22),(22,75),(75,23),(23,31),(31,32),(35,41),0,0,(58,60),(60,62),(62,66),(66,68),(62,63),(63,65),(60,61),(58,57),(57,42),(56,55),0,0,(44,43),(35,32),(32,33),(32,34),(44,45),0
q 3965
s 0,(1,2),(2,3),(2,4),(4,5),(9,10),(11,12),(12,16),(16,13),(13,14),(15,17),(15,18),(20,76),(50,52),(52,54),(51,21),0,0,(4,69),(69,58),(58,57),(57,42),(43,44),(44,45),(44,46),0,0,(69,59),(59,58),(58,60),(60,62),(62,63),(63,65),(62,66),(66,68),(60,61),(59,44),(46,47),0,0,(59,11),(20,19),(19,18),(19,21),(21,22),(22,75),(75,23),(23,31),(51,49),(49,50),0,0,(47,48),(47,49),(31,32),(32,33),(32,34),(32,35),(35,41),(56,55),0
q 3991
s 0,(1,2),(2,3),(2,4),(4,5),(9,10),(11,12),(12,16),(16,13),(13,14),(15,17),(15,18),(20,76),(50,52),(52,54),(51,21),0,0,(4,69),(69,58),(58,57),(57,42),(43,44),(44,45),(44,46),0,0,(69,59),(59,58),(58,60),(60,62),(62,63),(63,65),(62,66),(66,68),(60,61),(59,44),(46,47),0,0,(59,11),(20,19),(19,18),(19,21),(21,22),(22,75),(75,23),(23,31),(51,49),(49,50),0,0,(47,48),(47,49),(31,32),(32,34),(32,33),(32,35),(35,41),(56,55),0
q 3991
s 0,(1,2),(2,3),(2,4),(4,69),(69,59),(59,58),(58,69),(59,11),(10,9),0,0,(4,5),(11,12),(12,16),(16,13),(13,14),(15,17),(15,18),(18,19),(19,20),(20,76),(50,52),(52,54),(50,49),(49,47),0,0,(59,44),(44,45),(46,47),(47,48),(49,51),(51,21),(21,19),(21,22),(22,75),(75,23),(23,31),(31,32),(35,41),0,0,(58,60),(60,62),(62,63),(63,65),(62,66),(66,68),(60,61),(58,57),(57,42),(56,55),0,0,(44,46),(44,43),(35,32),(32,34),(32,33),0
q 3953
s 0,(1,2),(2,3),(2,4),(4,69),(69,59),(59,44),(44,45),(46,47),(47,48),(47,49),(49,51),(51,21),(21,19),(50,52),(52,54),(50,49),0,0,(4,5),(9,10),(11,12),(12,16),(16,13),(13,14),(15,17),(15,18),(18,19),(19,20),(20,76),0,0,(69,58),(58,59),(59,11),(58,57),(57,42),(43,44),0,0,(58,60),(60,61),(60,62),(62,63),(63,65),(62,66),(66,68),(56,55),(41,35),(32,34),(32,33),0,0,(44,46),(21,22),(22,75),(75,23),(23,31),(31,32),(32,35),0
q 3956
s 0,(1,2),(2,4),(4,5),(9,10),(11,12),(12,16),(16,13),(13,14),(15,17),(15,18),(20,19),(50,52),0,0,(2,3),(4,69),(69,58),(58,57),(57,42),(43,44),(44,46),0,0,(69,59),(59,44),(44,45),(46,47),(47,48),(47,49),(49,51),(51,21),(21,19),(19,18),(20,76),(11,59),(59,58),0,0,(58,60),(60,61),(60,62),(62,63),(63,65),(62,66),(66,68),(56,55),(41,35),(32,31),(23,75),0,0,(49,50),(52,54),(21,22),(22,75),(23,31),(32,33),(32,34),(32,35),0
q 3938
s 0,(1,2),(2,3),(2,4),(4,69),(69,58),(58,59),(59,44),(44,46),(46,47),(47,48),(47,49),(49,50),(50,52),(52,54),(51,21),0,0,(4,5),(9,10),(11,12),(12,16),(16,13),(13,14),(15,17),(15,18),(18,19),(19,20),(20,76),0,0,(69,59),(59,11),(19,21),(21,22),(22,75),(75,23),(23,31),(31,32),(35,41),(56,55),0,0,(58,60),(60,62),(62,63),(63,65),(62,66),(66,68),(60,61),(58,57),(57,42),0,0,(44,43),(35,32),(32,34),(32,33),(51,49),(45,44),0
q 3963
