s 0,(110,111),(107,106),(106,105),(105,104),(104,102),(66,67),(67,68),(67,69),(69,71),(71,72),(72,73),(73,44),(44,45),(45,34),0,0,(87,86),(86,85),(85,84),(84,82),(82,80),(39,38),(40,39),(38,36),(36,37),(37,43),(43,46),(46,77),(77,78),(78,79),(79,80),0,0,(95,96),(96,97),(97,98),(140,49),(11,27),(28,27),(28,30),(30,32),(29,28),(27,25),(25,24),(24,20),0,0,(113,114),(112,110),(110,107),(107,108),(108,109),(107,112),(112,113),0,0,(1,116),(116,117),(117,2),(117,119),(124,126),(130,126),(118,114),0,0,(14,13),(9,8),(8,6),(6,5),(8,11),(33,11),(11,12),(12,13),(20,22),0,0,(43,44),(34,139),(139,33),(48,49),(140,55),(55,56),(55,54),(65,64),(64,63),(63,62),(62,66),0
q 5452
s 0,(110,111),(105,104),(104,102),(66,67),(67,68),(67,69),(69,71),(71,72),(72,73),(73,44),(44,45),(45,34),(62,66),0,0,(87,86),(86,85),(85,84),(84,82),(82,80),(80,79),(79,78),(78,77),(77,46),(46,43),(43,37),(37,36),(36,38),(38,39),(39,40),0,0,(124,126),(126,130),(43,44),(34,139),(139,33),(33,11),(11,12),(12,13),(20,22),0,0,(95,96),(96,97),(97,98),(140,49),(11,27),(27,28),(28,30),(30,32),(28,29),(27,25),(25,24),(24,20),0,0,(11,8),(8,6),(6,5),(8,9),(13,14),(48,49),(140,55),(55,54),(55,56),(65,64),(64,63),(63,62),0,0,(112,107),(107,108),(108,109),(106,105),(106,107),(107,110),(110,112),(112,113),0,0,(1,116),(116,117),(117,2),(117,119),(118,114),(114,113),0
q 5527
s 0,(112,107),(107,106),(106,105),(104,102),(66,67),(67,69),(69,71),(71,72),(72,73),(73,44),(34,45),(45,44),(67,68),0,0,(87,86),(86,85),(85,84),(80,79),(79,78),(78,77),(77,46),(37,36),(36,38),(38,39),(39,40),(37,43),(43,46),(80,82),(82,84),0,0,(95,96),(96,97),(97,98),(140,49),(11,27),(27,28),(28,30),(32,30),(28,29),(27,25),(25,24),(24,20),0,0,(11,8),(8,6),(6,5),(8,9),(13,14),(48,49),(140,55),(55,54),(55,56),(65,64),(64,63),(63,62),0,0,(109,108),(108,107),(107,110),(111,110),(110,112),(112,113),(113,114),0,0,(1,116),(116,117),(2,117),(117,119),(126,130),(126,124),(118,114),0,0,(43,44),(22,20),(13,12),(12,11),(11,33),(33,139),(139,34),(62,66),(104,105),0
q 5449
s 0,(110,111),(107,106),(106,105),(105,104),(104,102),(66,67),(69,71),(71,72),(72,73),(73,44),(44,45),(45,34),(69,67),(67,68),0,0,(87,86),(86,85),(85,84),(84,82),(82,80),(80,79),(79,78),(78,77),(77,46),(46,43),(43,37),(37,36),(36,38),(38,39),(39,40),0,0,(95,96),(96,97),(97,98),(140,49),(11,27),(27,28),(28,30),(32,30),(28,29),(27,25),(25,24),(24,20),0,0,(11,8),(8,6),(6,5),(8,9),(14,13),(13,12),(12,11),(44,43),0,0,(34,139),(139,33),(33,11),(22,20),(48,49),(140,55),(55,56),(55,54),(65,64),(64,63),(63,62),(62,66),0,0,(1,116),(116,117),(117,2),(117,119),(124,126),(126,130),(118,114),0,0,(114,113),(113,112),(112,110),(110,107),(107,108),(108,109),(107,112),0
q 5371
s 0,(87,86),(84,82),(82,80),(80,79),(79,78),(78,77),(77,46),(46,43),(43,37),(37,36),(36,38),(38,39),(39,40),(84,85),(85,86),0,0,(124,126),(126,130),(43,44),(34,139),(139,33),(33,11),(11,12),(12,13),(20,22),0,0,(95,96),(96,97),(97,98),(140,49),(20,24),(24,25),(25,27),(32,30),(30,28),(29,28),(28,27),(27,11),0,0,(11,8),(8,6),(6,5),(8,9),(13,14),(48,49),(140,55),(55,54),(55,56),(65,64),(64,63),(63,62),0,0,(1,116),(116,117),(117,2),(117,119),(118,114),(114,113),0,0,(110,111),(105,104),(104,102),(66,67),(67,68),(67,69),(69,71),(71,72),(72,73),(73,44),(44,45),(45,34),(62,66),0,0,(113,112),(112,110),(110,107),(107,108),(108,109),(106,105),(106,107),(107,112),0
q 5527
s 0,(107,106),(106,105),(105,104),(104,102),(66,67),(71,72),(72,73),(44,45),(34,45),(44,73),(71,69),(69,67),(67,68),0,0,(86,85),(85,84),(84,82),(82,80),(80,79),(79,78),(78,77),(77,46),(46,43),(43,37),(37,36),(40,39),(39,38),(38,36),(86,87),0,0,(95,96),(96,97),(97,98),(140,49),(11,27),(27,28),(28,30),(30,32),(28,29),(27,25),(25,24),(24,20),0,0,(11,8),(8,6),(5,6),(8,9),(13,14),(13,12),(22,20),(12,11),(11,33),0,0,(66,62),(62,63),(63,64),(64,65),(56,55),(55,54),(55,140),(49,48),(33,139),(139,34),(44,43),0,0,(114,118),(124,126),(126,130),(119,117),(117,2),(117,116),(116,1),0,0,(114,113),(113,112),(112,110),(110,111),(110,107),(109,108),(108,107),(107,112),0
q 5257
s 0,(87,86),(86,85),(85,84),(84,82),(82,80),(80,79),(79,78),(40,39),(39,38),(38,36),(36,37),(37,43),(43,46),(46,77),(77,78),0,0,(95,96),(96,97),(97,98),(11,27),(27,28),(28,29),(28,30),(30,32),(27,25),(25,24),(24,20),(73,72),(71,69),0,0,(43,44),(11,8),(8,6),(6,5),(8,9),(14,13),(12,11),(72,71),0,0,(107,106),(106,105),(105,104),(104,102),(66,62),(62,63),(63,64),(64,65),(56,55),(55,140),(140,49),(49,48),(55,54),(110,111),0,0,(68,67),(67,69),(73,44),(44,45),(45,34),(34,139),(139,33),(22,20),(13,12),(11,33),(67,66),0,0,(1,116),(116,117),(117,2),(117,119),(124,126),(126,130),(118,114),0,0,(114,113),(113,112),(112,110),(110,107),(109,108),(108,107),(107,112),0
q 5445
s 0,(87,86),(86,85),(85,84),(84,82),(82,80),(80,79),(79,78),(78,77),(77,46),(46,43),(43,37),(40,39),(39,38),(38,36),(36,37),0,0,(124,126),(126,130),(43,44),(34,45),(45,44),(44,73),(73,72),(72,71),(71,69),(69,67),(68,67),(67,66),0,0,(66,62),(62,63),(56,55),(54,55),(55,140),(140,49),(49,48),(139,33),(33,11),(11,27),(27,28),(30,28),(28,29),0,0,(11,12),(14,13),(20,22),(20,24),(24,25),(25,27),(32,30),(65,64),(64,63),(102,104),(104,105),(105,106),0,0,(112,107),(107,108),(108,109),(106,107),(107,110),(110,111),(110,112),(112,113),0,0,(1,116),(116,117),(117,2),(117,119),(118,114),(114,113),0,0,(34,139),(11,8),(5,6),(6,8),(8,9),(13,12),(97,98),(97,96),(96,95),0
q 5413
s 0,(107,106),(106,105),(105,104),(104,102),(66,67),(67,69),(69,71),(71,72),(72,73),(73,44),(44,45),(45,34),(67,68),0,0,(85,84),(84,82),(82,80),(40,39),(39,38),(38,36),(36,37),(37,43),(43,46),(46,77),(77,78),(78,79),(79,80),(85,86),(86,87),0,0,(112,107),(108,109),(108,107),(110,111),(110,112),(112,113),(113,114),0,0,(114,118),(126,130),(126,124),(119,117),(2,117),(117,116),(116,1),0,0,(20,24),(24,25),(25,27),(29,28),(32,30),(30,28),(28,27),(27,11),(49,140),(96,97),(97,98),(96,95),0,0,(11,8),(6,5),(6,8),(8,9),(14,13),(12,11),(63,62),(62,66),0,0,(43,44),(34,139),(139,33),(33,11),(22,20),(13,12),(48,49),(140,55),(55,54),(55,56),(65,64),(64,63),(107,110),0
q 5433
