s 0,(1,116),(116,117),(117,2),(117,119),(118,114),(114,113),(113,112),(112,110),(110,107),(107,108),(107,112),0,0,(111,110),(107,106),(106,105),(105,104),(104,102),(66,67),(67,68),(67,69),(69,71),(71,72),(72,73),(73,44),(44,45),(45,34),0,0,(124,126),(126,130),(43,44),(34,139),(139,33),(33,11),(11,12),(12,13),(20,22),0,0,(95,96),(96,97),(97,98),(140,49),(11,27),(27,28),(28,29),(28,30),(30,32),(27,25),(25,24),(24,20),0,0,(11,8),(8,6),(5,6),(8,9),(13,14),(48,49),(140,55),(55,56),(55,54),(65,64),0,0,(66,62),(62,63),(63,64),(109,108),0,0,(40,39),(39,38),(38,36),(36,37),(37,43),(43,46),(46,77),(77,78),(78,79),(79,80),(80,82),(82,84),(84,85),(85,86),(86,87),0
q 5753
s 0,(1,116),(116,117),(117,119),(117,2),(118,114),(114,113),(113,112),(112,110),(62,66),(110,107),0,0,(111,110),(107,106),(106,105),(105,104),(104,102),(66,67),(67,68),(67,69),(69,71),(71,72),(72,73),(73,44),(44,45),(45,34),0,0,(124,126),(126,130),(43,44),(34,139),(139,33),(33,11),(11,12),(12,13),(20,22),0,0,(95,96),(96,97),(97,98),(140,49),(11,27),(27,28),(28,29),(28,30),(30,32),(27,25),(25,24),(24,20),0,0,(11,8),(8,6),(6,5),(8,9),(13,14),(48,49),(140,55),(55,56),(55,54),(65,64),(64,63),(63,62),0,0,(109,108),(108,107),(107,112),0,0,(40,39),(39,38),(38,36),(36,37),(37,43),(43,46),(46,77),(77,78),(78,79),(79,80),(80,82),(82,84),(84,85),(85,86),(86,87),0
q 5780
s 0,(112,107),(107,106),(106,105),(104,102),(66,67),(67,68),(67,69),(69,71),(71,72),(72,73),(73,44),(44,45),(45,34),0,0,(87,86),(86,85),(85,84),(84,82),(82,80),(80,79),(79,78),(78,77),(77,46),(46,43),(43,37),(37,36),(36,38),(38,39),(39,40),0,0,(124,126),(126,130),(43,44),(34,139),(139,33),(33,11),(11,12),(12,13),(20,22),0,0,(95,96),(96,97),(97,98),(140,49),(11,27),(27,28),(28,29),(28,30),(30,32),(27,25),(25,24),(24,20),0,0,(11,8),(8,6),(6,5),(8,9),(13,14),(48,49),(140,55),(55,54),(55,56),(65,64),(64,63),(63,62),0,0,(1,116),(116,117),(105,104),(66,62),(118,114),(117,119),(117,2),0,0,(109,108),(108,107),(107,110),(111,110),(110,112),(112,113),(113,114),0
q 5756
s 0,(110,111),(107,106),(106,105),(105,104),(104,102),(66,67),(67,68),(67,69),(69,71),(71,72),(72,73),(73,44),(44,45),(45,34),0,0,(87,86),(86,85),(85,84),(84,82),(82,80),(80,79),(79,78),(78,77),(77,46),(46,43),(43,37),(37,36),(36,38),(38,39),(39,40),0,0,(95,96),(96,97),(97,98),(140,49),(11,27),(27,28),(28,30),(30,32),(28,29),(27,25),(25,24),(24,20),0,0,(11,8),(8,6),(6,5),(8,9),(13,14),(48,49),(140,55),(55,56),(55,54),(65,64),(64,63),(63,62),0,0,(1,116),(116,117),(117,2),(117,119),(118,114),(114,113),(113,112),(112,110),(110,107),(107,112),0,0,(43,44),(34,139),(139,33),(33,11),(11,12),(12,13),(20,22),(62,66),0,0,(124,126),(130,126),(107,108),(109,108),0
q 5616
s 0,(110,111),(105,104),(104,102),(66,67),(67,68),(67,69),(69,71),(71,72),(72,73),(73,44),(44,45),(45,34),(62,66),0,0,(87,86),(86,85),(85,84),(84,82),(82,80),(80,79),(79,78),(78,77),(77,46),(46,43),(43,37),(37,36),(36,38),(38,39),(39,40),0,0,(124,126),(126,130),(43,44),(34,139),(139,33),(33,11),(11,12),(13,12),(20,22),0,0,(95,96),(96,97),(97,98),(140,49),(11,27),(27,28),(28,29),(28,30),(30,32),(27,25),(25,24),(24,20),0,0,(11,8),(8,6),(6,5),(8,9),(13,14),(48,49),(140,55),(55,54),(55,56),(65,64),(64,63),(63,62),0,0,(1,116),(116,117),(107,106),(105,106),(117,2),(117,119),(118,114),(114,113),(110,112),0,0,(113,112),(112,107),(107,108),(108,109),(107,110),0
q 5746
s 0,(110,111),(107,106),(106,105),(105,104),(104,102),(66,67),(67,69),(69,71),(71,72),(72,73),(73,44),(44,45),(45,34),(67,68),0,0,(86,85),(85,84),(84,82),(82,80),(80,79),(79,78),(78,77),(77,46),(46,43),(43,37),(37,36),(36,38),(38,39),(39,40),(86,87),0,0,(66,62),(62,63),(63,64),(64,65),(56,55),(55,54),(55,140),(49,48),(139,33),(139,34),(44,43),0,0,(95,96),(96,97),(97,98),(140,49),(11,27),(27,28),(30,28),(30,32),(28,29),(27,25),(25,24),(24,20),0,0,(11,8),(8,6),(6,5),(8,9),(13,14),(13,12),(20,22),(12,11),(11,33),0,0,(117,119),(118,114),(114,113),(108,109),0,0,(112,107),(108,107),(107,110),(110,112),(112,113),(124,126),(126,130),(117,2),(117,116),(116,1),0
q 5485
s 0,(1,116),(116,117),(117,2),(117,119),(118,114),(114,113),(113,112),(112,110),(110,107),(107,108),(107,112),0,0,(110,111),(107,106),(106,105),(105,104),(104,102),(66,67),(67,68),(67,69),(69,71),(71,72),(72,73),(73,44),(44,45),(45,34),0,0,(87,86),(86,85),(85,84),(84,82),(82,80),(80,79),(79,78),(78,77),(77,46),(46,43),(43,37),(37,36),(36,38),(38,39),(39,40),0,0,(108,109),(66,62),(62,63),(63,64),(64,65),(56,55),(55,54),(55,140),(49,48),0,0,(124,126),(126,130),(43,44),(34,139),(139,33),(33,11),(11,12),(12,13),(20,22),0,0,(95,96),(96,97),(97,98),(140,49),(11,27),(27,28),(28,30),(30,32),(28,29),(27,25),(25,24),(24,20),0,0,(11,8),(8,6),(6,5),(8,9),(13,14),0
q 5912
s 0,(1,116),(116,117),(117,2),(117,119),(118,114),(114,113),(113,112),(112,110),(110,107),(107,108),(107,112),0,0,(110,111),(107,106),(106,105),(105,104),(104,102),(66,67),(67,68),(67,69),(69,71),(71,72),(72,73),(73,44),(44,45),(45,34),0,0,(87,86),(86,85),(85,84),(84,82),(82,80),(80,79),(79,78),(78,77),(77,46),(46,43),(43,37),(37,36),(36,38),(38,39),(39,40),0,0,(108,109),(63,64),(64,65),(56,55),(55,54),(55,140),(49,48),(63,62),(62,66),0,0,(124,126),(126,130),(43,44),(34,139),(139,33),(33,11),(11,12),(12,13),(20,22),0,0,(95,96),(96,97),(97,98),(140,49),(11,27),(27,28),(28,30),(30,32),(28,29),(27,25),(25,24),(24,20),0,0,(11,8),(8,6),(6,5),(8,9),(13,14),0
q 5905
s 0,(110,111),(107,106),(106,105),(105,104),(104,102),(66,67),(67,68),(67,69),(69,71),(71,72),(72,73),(73,44),(44,45),(45,34),0,0,(87,86),(86,85),(85,84),(84,82),(82,80),(80,79),(79,78),(78,77),(77,46),(46,43),(43,37),(37,36),(36,38),(38,39),(39,40),0,0,(126,130),(124,126),(43,44),(34,139),(139,33),(33,11),(11,12),(12,13),(20,22),0,0,(95,96),(96,97),(97,98),(140,49),(11,27),(27,28),(28,30),(30,32),(28,29),(27,25),(25,24),(24,20),0,0,(11,8),(8,6),(6,5),(8,9),(13,14),(48,49),(140,55),(55,56),(55,54),(65,64),(64,63),(63,62),0,0,(1,116),(116,117),(66,62),(107,110),(108,109),(108,107),0,0,(112,107),(110,112),(112,113),(113,114),(114,118),(119,117),(2,117),0
q 5758
