s 0,(41,35),(33,32),(31,23),(23,75),(75,22),(22,21),(21,19),(21,51),(51,49),(47,48),(47,46),(46,44),(44,59),(59,69),0,0,(58,60),(61,60),(60,62),(62,66),(68,66),(62,63),(65,63),(56,55),(42,57),(57,58),0,0,(1,2),(3,2),(4,69),(69,58),(58,59),(59,11),(10,9),(4,2),0,0,(4,5),(11,12),(12,16),(16,13),(13,14),(17,15),(15,18),(18,19),(19,20),(20,76),0,0,(44,43),(35,32),(34,32),(32,31),(54,52),(52,50),(50,49),(49,47),(45,44),0
q 3779
s 0,(47,49),(75,23),(23,31),(31,32),(32,33),(34,32),(32,35),(35,41),(56,55),0,0,(59,11),(76,20),(20,19),(19,21),(21,22),(75,22),(21,51),(51,49),(47,48),(47,46),(46,44),(44,59),(59,69),0,0,(2,4),(4,5),(9,10),(11,12),(12,16),(16,13),(13,14),(15,17),(15,18),(18,19),(50,52),(54,52),(50,49),(45,44),0,0,(44,43),(42,57),(57,58),(58,69),(69,4),(2,3),0,0,(60,61),(63,65),(63,62),(68,66),(66,62),(62,60),(60,58),(58,59),(2,1),0
q 3548
s 0,(59,11),(76,20),(20,19),(19,21),(21,22),(22,75),(75,23),(23,31),(21,51),(51,49),(47,46),0,0,(2,4),(4,5),(9,10),(11,12),(12,16),(16,13),(13,14),(15,17),(15,18),(18,19),(50,52),(54,52),(50,49),(45,44),0,0,(59,44),(44,46),(48,47),(47,49),(31,32),(34,32),(32,33),(32,35),(35,41),(55,56),0,0,(69,59),(59,58),(58,57),(57,42),(43,44),(69,4),0,0,(1,2),(2,3),(58,60),(60,62),(65,63),(63,62),(68,66),(66,62),(61,60),(58,69),0
q 3662
s 0,(55,56),(41,35),(35,32),(33,32),(34,32),(32,31),(31,23),(23,75),(51,49),0,0,(2,4),(4,5),(9,10),(11,12),(12,16),(16,13),(13,14),(17,15),(15,18),(20,19),(54,52),(52,50),(50,49),(49,47),(45,44),0,0,(59,11),(76,20),(18,19),(19,21),(21,22),(22,75),(21,51),(48,47),(47,46),(46,44),(2,3),0,0,(69,59),(59,58),(58,60),(60,62),(62,63),(63,65),(62,66),(66,68),(61,60),(2,1),0,0,(59,44),(44,43),(42,57),(57,58),(58,69),(69,4),0
q 3590
s 0,(4,69),(69,58),(58,57),(57,42),(43,44),(44,59),0,0,(61,60),(62,63),(63,65),(62,66),(66,68),(62,60),(60,58),(58,59),(3,2),(2,1),0,0,(59,11),(76,20),(20,19),(19,21),(22,75),(75,23),(22,21),(51,49),(49,47),(47,46),(45,44),(59,69),0,0,(48,47),(49,50),(50,52),(52,54),(19,18),(18,15),(15,17),(14,13),(13,16),(16,12),(12,11),(10,9),(5,4),(4,2),0,0,(55,56),(41,35),(35,32),(34,32),(33,32),(32,31),(31,23),(21,51),(46,44),0
q 3582
s 0,(58,57),(57,42),(43,44),(44,59),(69,4),(2,1),0,0,(59,58),(58,60),(60,62),(62,66),(66,68),(63,65),(63,62),(61,60),(58,69),(4,2),0,0,(59,11),(76,20),(20,19),(19,21),(21,22),(22,75),(21,51),(51,49),(49,47),(47,48),(47,46),(46,44),(45,44),(59,69),0,0,(49,50),(50,52),(52,54),(19,18),(18,15),(15,17),(14,13),(13,16),(16,12),(12,11),(10,9),(5,4),(2,3),0,0,(56,55),(41,35),(35,32),(32,34),(33,32),(32,31),(31,23),(23,75),0
q 3561
s 0,(55,56),(41,35),(35,32),(34,32),(32,33),(32,31),(31,23),(23,75),(21,51),0,0,(69,59),(59,11),(76,20),(20,19),(19,21),(21,22),(22,75),(51,49),(49,47),(48,47),(47,46),(46,44),(3,2),0,0,(1,2),(59,58),(58,60),(65,63),(63,62),(66,68),(66,62),(62,60),(61,60),(58,69),0,0,(59,44),(44,43),(42,57),(57,58),(69,4),0,0,(44,45),(49,50),(52,54),(52,50),(19,18),(18,15),(17,15),(14,13),(13,16),(16,12),(12,11),(10,9),(5,4),(4,2),0
q 3548
s 0,(2,3),(4,69),(44,43),(42,57),(57,58),(58,69),0,0,(51,21),(75,23),(23,31),(31,32),(34,32),(33,32),(32,35),(35,41),(56,55),0,0,(2,4),(61,60),(66,68),(66,62),(63,65),(63,62),(62,60),(60,58),(58,59),(59,69),(2,1),0,0,(59,11),(12,16),(16,13),(13,14),(15,17),(15,18),(18,19),(52,54),(52,50),(50,49),(48,47),(47,46),(46,44),0,0,(4,5),(9,10),(11,12),(76,20),(20,19),(19,21),(21,22),(75,22),(51,49),(49,47),(45,44),(44,59),0
q 3548
