s 0,(2,3),(4,5),(9,10),(11,12),(12,16),(16,13),(13,14),(15,17),(15,18),(20,76),(50,49),(50,52),(49,51),(44,59),0,0,(4,69),(44,46),(45,44),(44,43),(42,57),(57,58),(58,69),0,0,(69,59),(59,11),(20,19),(19,18),(19,21),(21,22),(22,75),(75,23),(21,51),(48,47),(47,46),0,0,(1,2),(2,4),(59,58),(58,60),(60,62),(65,63),(63,62),(62,66),(66,68),(60,61),0,0,(55,56),(41,35),(35,32),(34,32),(33,32),(32,31),(31,23),(52,54),(49,47),0
q 3762
s 0,(2,4),(4,5),(9,10),(11,12),(12,16),(16,13),(13,14),(15,17),(15,18),(20,76),(50,49),(49,51),(51,21),(47,46),0,0,(4,69),(44,46),(45,44),(44,43),(42,57),(57,58),(58,69),0,0,(69,59),(59,58),(58,60),(60,62),(62,63),(63,65),(68,66),(66,62),(60,61),(2,3),(2,1),0,0,(59,11),(20,19),(18,19),(19,21),(21,22),(22,75),(23,75),(52,54),(52,50),(47,48),(44,59),0,0,(47,49),(23,31),(31,32),(33,32),(32,34),(32,35),(35,41),(56,55),0
q 3746
s 0,(4,5),(11,12),(12,16),(16,13),(13,14),(15,17),(15,18),(18,19),(19,20),(20,76),(50,52),(54,52),(50,49),(49,47),0,0,(59,44),(44,46),(46,47),(47,48),(49,51),(51,21),(21,19),(21,22),(22,75),(75,23),(23,31),(31,32),(35,41),0,0,(58,60),(60,61),(60,62),(62,66),(66,68),(62,63),(63,65),(55,56),(42,57),(57,58),0,0,(1,2),(44,43),(35,32),(32,34),(32,33),(44,45),(59,69),0,0,(4,69),(69,58),(58,59),(59,11),(10,9),(4,2),(3,2),0
q 3835
s 0,(69,58),(58,57),(57,42),(43,44),(44,46),(45,44),(69,4),0,0,(1,2),(2,3),(69,59),(59,58),(58,60),(60,62),(62,66),(66,68),(62,63),(65,63),(60,61),0,0,(47,49),(47,48),(21,51),(23,31),(31,32),(33,32),(32,34),(32,35),(35,41),(55,56),0,0,(59,11),(20,19),(19,18),(19,21),(21,22),(22,75),(23,75),(51,49),(47,46),0,0,(2,4),(4,5),(9,10),(11,12),(12,16),(16,13),(13,14),(15,17),(15,18),(20,76),(50,52),(52,54),(50,49),(44,59),0
q 3740
s 0,(1,2),(4,5),(9,10),(11,12),(12,16),(16,13),(13,14),(15,17),(15,18),(20,76),(50,49),(44,59),0,0,(58,57),(57,42),(43,44),(44,45),(46,44),(59,69),(69,4),0,0,(2,3),(2,4),(69,58),(61,60),(65,63),(63,62),(62,66),(66,68),(62,60),(60,58),(58,59),0,0,(59,11),(20,19),(19,18),(19,21),(49,51),(22,75),(75,23),(22,21),(21,51),(52,50),(52,54),(47,46),0,0,(47,48),(47,49),(23,31),(31,32),(32,33),(32,34),(32,35),(35,41),(56,55),0
q 3750
s 0,(2,4),(4,5),(9,10),(11,12),(12,16),(16,13),(13,14),(15,17),(15,18),(20,19),(50,52),(52,54),(50,49),(49,51),0,0,(1,2),(69,59),(59,58),(60,62),(62,66),(66,68),(62,63),(65,63),(60,61),(58,69),(2,3),0,0,(59,11),(20,76),(18,19),(19,21),(21,22),(22,75),(75,23),(23,31),(21,51),(47,46),0,0,(58,57),(57,42),(43,44),(44,45),(46,44),(44,59),(69,4),0,0,(47,49),(47,48),(31,32),(32,34),(32,33),(32,35),(35,41),(55,56),(60,58),0
q 3784
s 0,(2,4),(4,5),(9,10),(11,12),(12,16),(16,13),(13,14),(15,17),(15,18),(54,52),(52,50),(49,50),(48,47),(47,46),0,0,(44,45),(46,44),(44,43),(42,57),(57,58),(58,69),(69,4),0,0,(60,61),(68,66),(66,62),(65,63),(63,62),(62,60),(60,58),(58,59),(59,69),(3,2),(2,1),0,0,(49,51),(75,23),(23,31),(31,32),(32,33),(34,32),(32,35),(35,41),(55,56),0,0,(59,11),(76,20),(20,19),(19,18),(19,21),(21,51),(75,22),(22,21),(49,47),(44,59),0
q 3676
s 0,(4,69),(69,58),(58,57),(57,42),(43,44),(44,45),(46,44),0,0,(47,48),(49,47),(52,50),(52,54),(51,21),(23,31),(31,32),(32,33),(32,34),(32,35),(35,41),(55,56),0,0,(59,58),(58,60),(65,63),(63,62),(68,66),(66,62),(62,60),(60,61),(2,1),0,0,(69,59),(59,44),(46,47),(50,49),(51,49),(23,75),(75,22),(22,21),(21,19),(19,20),(20,76),(11,59),0,0,(2,3),(2,4),(4,5),(9,10),(11,12),(12,16),(16,13),(13,14),(15,17),(15,18),(18,19),0
q 3670
s 0,(59,11),(20,19),(19,18),(19,21),(23,75),(75,22),(22,21),(49,47),(48,47),(47,46),0,0,(4,69),(45,44),(44,43),(42,57),(57,58),(58,69),0,0,(69,59),(59,58),(58,60),(60,62),(62,66),(68,66),(65,63),(63,62),(60,61),(46,44),(44,59),0,0,(1,2),(76,20),(18,15),(17,15),(14,13),(13,16),(16,12),(12,11),(10,9),(5,4),(4,2),(3,2),0,0,(49,50),(50,52),(21,51),(51,49),(52,54),(23,31),(31,32),(32,33),(32,34),(32,35),(35,41),(55,56),0
q 3757
s 0,(1,2),(2,3),(2,4),(4,5),(9,10),(11,12),(12,16),(16,13),(13,14),(15,17),(15,18),(20,76),(50,49),(50,52),(51,21),0,0,(4,69),(58,57),(57,42),(43,44),(44,45),(46,44),(44,59),0,0,(59,58),(61,60),(65,63),(63,62),(68,66),(66,62),(62,60),(60,58),(58,69),0,0,(69,59),(59,11),(20,19),(19,18),(19,21),(21,22),(22,75),(51,49),(49,47),(48,47),(47,46),0,0,(55,56),(41,35),(35,32),(34,32),(33,32),(32,31),(31,23),(23,75),(54,52),0
q 3720
s 0,(47,48),(75,23),(23,31),(31,32),(33,32),(32,34),(32,35),(35,41),(56,55),0,0,(60,61),(68,66),(66,62),(65,63),(63,62),(62,60),(60,58),(58,59),(59,69),(2,1),0,0,(4,69),(69,58),(58,57),(57,42),(43,44),(45,44),(2,3),0,0,(59,11),(20,19),(19,18),(19,21),(21,22),(75,22),(47,46),(46,44),(4,2),0,0,(59,44),(47,49),(49,50),(49,51),(21,51),(52,50),(52,54),(76,20),(18,15),(15,17),(14,13),(13,16),(16,12),(12,11),(10,9),(5,4),0
q 3703
s 0,(45,44),(44,43),(42,57),(57,58),(58,69),(69,4),0,0,(69,59),(59,58),(58,60),(60,61),(60,62),(62,66),(66,68),(62,63),(63,65),(2,3),(2,1),0,0,(47,48),(47,49),(50,52),(52,54),(23,31),(31,32),(32,33),(32,34),(32,35),(35,41),(56,55),0,0,(2,4),(4,5),(9,10),(11,12),(12,16),(16,13),(13,14),(17,15),(15,18),(20,76),(50,49),(44,59),0,0,(59,11),(20,19),(18,19),(19,21),(21,22),(22,75),(75,23),(21,51),(51,49),(47,46),(46,44),0
q 3709
